image_width: 1024
image_height: 768
camera_name: 0
camera_matrix:
  rows: 3
  cols: 3
  data: [563.057009, 0.000000, 532.038033, 0.000000, 563.978478, 390.078044, 0.000000 0.000000 1.000000]
distortion_model: rational_polynomial
distortion_coefficients:
  rows: 1
  cols: 8
  data: [0.166819, -0.080806, 0.001433, -0.004671, -0.067268, 0.536262, -0.035365, -0.147793]
rectification_matrix:
  rows: 3
  cols: 3
  data: [0.999415, -0.005456, 0.033759, 0.005249, 0.999967, 0.006214, 0.005249, 0.999967, 0.006214]
projection_matrix:
  rows: 3
  cols: 4
  data: [515.187460, 0.000000, 472.536079, 0.000000, 0.000000, 515.187460, 412.771797, 0.000000, 0.000000, 0.000000, 1.000000, 0.000000]
