image_width: 1024
image_height: 768
camera_name: 0
camera_matrix:
  rows: 3
  cols: 3
  data: [557.300226, 0.000000, 506.095203, 0.000000, 559.231147, 374.318655, 0.000000, 0.000000, 1.000000]
distortion_model: rational_polynomial
distortion_coefficients:
  rows: 1
  cols: 8
  data: [-0.144309, 0.284938, 0.003396, -0.000323, 0.033779, 0.250768, 0.159704, 0.152433]
rectification_matrix:
  rows: 3
  cols: 3
  data: [0.999966, 0.001660, -0.008090, -0.001710, 0.999980, -0.006118, 0.008079, 0.006131, 0.999949]
projection_matrix:
  rows: 3
  cols: 4
  data: [515.187460, 0.000000, 472.536079, -62.121396, 0.000000, 515.187460, 412.771797, 0.000000, 0.000000, 0.000000, 1.000000, 0.000000]
